16 2 -34 0 0 0 1 1 1
-25 4 -24 0 0 0 1 1 1
3 3 -12 0 0 0 1 1 1
-11 0 -45 0 0 0 1 1 1
6 2 -11 0 0 0 1 1 1
16 0 -42 0 0 0 1 1 1
2 1 -41 0 0 0 1 1 1
-21 -3 -3 0 0 0 1 1 1
17 -3 -21 0 0 0 1 1 1
-9 3 -45 0 0 0 1 1 1
22 1 -21 0 0 0 1 1 1
13 4 -12 0 0 0 1 1 1
-8 4 -35 0 0 0 1 1 1
19 -2 -11 0 0 0 1 1 1
-3 -2 -23 0 0 0 1 1 1
-11 -4 -11 0 0 0 1 1 1
-22 3 -47 0 0 0 1 1 1
19 -3 -7 0 0 0 1 1 1
12 4 -23 0 0 0 1 1 1
16 4 -28 0 0 0 1 1 1
-9 0 -40 0 0 0 1 1 1
17 3 -6 0 0 0 1 1 1
15 -3 -14 0 0 0 1 1 1
23 1 -5 0 0 0 1 1 1
15 4 -20 0 0 0 1 1 1
-25 1 -1 0 0 0 1 1 1
18 3 -29 0 0 0 1 1 1
-2 -1 -4 0 0 0 1 1 1
-19 -5 -16 0 0 0 1 1 1
1 -4 -8 0 0 0 1 1 1
19 4 -26 0 0 0 1 1 1
-2 2 -38 0 0 0 1 1 1
-7 -3 -29 0 0 0 1 1 1
16 -2 -15 0 0 0 1 1 1
14 3 -4 0 0 0 1 1 1
5 2 -6 0 0 0 1 1 1
-2 1 -21 0 0 0 1 1 1
20 -1 -22 0 0 0 1 1 1
-5 4 -27 0 0 0 1 1 1
-2 2 -12 0 0 0 1 1 1
11 -5 -11 0 0 0 1 1 1
11 0 -17 0 0 0 1 1 1
-20 -1 -31 0 0 0 1 1 1
-23 -5 0 0 0 0 1 1 1
16 -1 -16 0 0 0 1 1 1
5 2 -41 0 0 0 1 1 1
-18 2 -7 0 0 0 1 1 1
12 -2 -33 0 0 0 1 1 1
20 4 -9 0 0 0 1 1 1
-17 -4 -38 0 0 0 1 1 1
-3 1 -6 0 0 0 1 1 1
5 -2 -18 0 0 0 1 1 1
-25 -4 -12 0 0 0 1 1 1
-20 -5 -9 0 0 0 1 1 1
-1 2 -48 0 0 0 1 1 1
8 0 -41 0 0 0 1 1 1
-23 -5 -41 0 0 0 1 1 1
11 -1 -20 0 0 0 1 1 1
21 -4 -48 0 0 0 1 1 1
24 3 -34 0 0 0 1 1 1
6 -1 -3 0 0 0 1 1 1
24 3 -38 0 0 0 1 1 1
-25 3 -27 0 0 0 1 1 1
-8 3 -43 0 0 0 1 1 1
23 -2 -7 0 0 0 1 1 1
-4 -5 -17 0 0 0 1 1 1
-12 -1 -9 0 0 0 1 1 1
-9 0 -1 0 0 0 1 1 1
-25 4 -19 0 0 0 1 1 1
-19 3 -3 0 0 0 1 1 1
-1 3 -44 0 0 0 1 1 1
-16 4 -2 0 0 0 1 1 1
20 0 -43 0 0 0 1 1 1
18 -2 -37 0 0 0 1 1 1
-11 -2 -48 0 0 0 1 1 1
-25 3 -18 0 0 0 1 1 1
5 1 -48 0 0 0 1 1 1
6 4 -48 0 0 0 1 1 1
-16 2 -22 0 0 0 1 1 1
-3 3 -42 0 0 0 1 1 1
13 4 -40 0 0 0 1 1 1
-18 3 -41 0 0 0 1 1 1
-10 3 -6 0 0 0 1 1 1
-14 -3 -34 0 0 0 1 1 1
-3 0 -28 0 0 0 1 1 1
21 -3 -36 0 0 0 1 1 1
0 -2 -19 0 0 0 1 1 1
17 -1 -16 0 0 0 1 1 1
6 3 -22 0 0 0 1 1 1
-24 -4 -49 0 0 0 1 1 1
-18 1 -42 0 0 0 1 1 1
14 0 -12 0 0 0 1 1 1
-25 -5 -3 0 0 0 1 1 1
-6 -4 -38 0 0 0 1 1 1
-24 4 -5 0 0 0 1 1 1
-2 -3 -35 0 0 0 1 1 1
7 0 -38 0 0 0 1 1 1
1 2 -7 0 0 0 1 1 1
7 -3 -19 0 0 0 1 1 1
-21 -4 -39 0 0 0 1 1 1
-2.54936 -0.0471219 1.41933 0 0 0 1 1 1
