Cube|Procedural Terrain|0 0 0|0 0 0|1 1 1|0
Grass|Grass Clump|-210.72 0.638068 -37.44|0 14.4 0|1.572 1.572 1.572|0
Cube|FF|7.64215 1.56912 11.6669|0 285.84 0|1.5216 1.5216 1.5216|0
Grass|Grass Clump|108.96 2.1024 -74.88|0 147.24 0|2.0544 2.0544 2.0544|0
Grass|Grass Clump|-219.84 -1.68888 144.48|0 77.4 0|1.4336 1.4336 1.4336|0
Grass|Grass Clump|-209.76 0.509831 -149.28|0 184.32 0|2.0496 2.0496 2.0496|0
Grass|Grass Clump|38.4 -3.05022 -151.2|0 169.92 0|1.764 1.764 1.764|0
Grass|Grass Clump|-60.48 -4.8718 -144.96|0 95.76 0|1.5608 1.5608 1.5608|0
Grass|Grass Clump|-172.8 -0.802217 -176.16|0 171 0|1.7624 1.7624 1.7624|0
Grass|Grass Clump|-214.08 0.953648 -233.76|0 347.76 0|2.156 2.156 2.156|0
Grass|Grass Clump|-127.68 -2.46542 -200.64|0 103.68 0|1.9928 1.9928 1.9928|0
Grass|Grass Clump|108.96 -2.03532 -190.56|0 255.96 0|1.5224 1.5224 1.5224|0
Grass|Grass Clump|-31.2 -2.12032 -25.44|0 54.36 0|1.9752 1.9752 1.9752|0
Grass|Grass Clump|-131.04 -4.35819 -135.84|0 30.6 0|2.188 2.188 2.188|0
Grass|Grass Clump|187.2 -2.19247 -146.88|0 42.84 0|1.9592 1.9592 1.9592|0
Grass|Grass Clump|172.32 -1.84674 -175.2|0 335.52 0|2.1008 2.1008 2.1008|0
Grass|Grass Clump|-212.16 -0.554171 222.24|0 100.8 0|1.824 1.824 1.824|0
Grass|Grass Clump|-155.52 -3.09266 -121.92|0 191.16 0|1.8512 1.8512 1.8512|0
Grass|Grass Clump|219.36 -5.01065 193.44|0 294.84 0|1.588 1.588 1.588|0
Grass|Grass Clump|46.08 2.11478 -38.88|0 287.28 0|1.7992 1.7992 1.7992|0
Grass|Grass Clump|-228 -0.777301 89.76|0 41.76 0|1.6352 1.6352 1.6352|0
Grass|Grass Clump|46.56 -0.108495 198.72|0 151.2 0|1.5112 1.5112 1.5112|0
Grass|Grass Clump|24 0.250682 239.04|0 31.32 0|2.1528 2.1528 2.1528|0
Grass|Grass Clump|163.2 -3.36859 163.68|0 147.6 0|1.5392 1.5392 1.5392|0
Grass|Grass Clump|109.92 -0.136879 151.2|0 167.04 0|2.1472 2.1472 2.1472|0
Grass|Grass Clump|134.4 -1.84998 217.92|0 14.04 0|2.084 2.084 2.084|0
Grass|Grass Clump|192 -1.1715 -88.32|0 92.52 0|2.0552 2.0552 2.0552|0
Grass|Grass Clump|-27.36 -1.88813 -23.04|0 100.08 0|1.9112 1.9112 1.9112|0
Grass|Grass Clump|-188.64 0.574592 -213.12|0 192.96 0|1.4392 1.4392 1.4392|0
Grass|Grass Clump|-126.24 -3.46104 -181.44|0 224.28 0|1.7272 1.7272 1.7272|0
Grass|Grass Clump|-174.24 0.186722 -210.24|0 85.68 0|1.5696 1.5696 1.5696|0
Grass|Grass Clump|234.72 -2.55147 -227.04|0 10.8 0|1.892 1.892 1.892|0
Grass|Grass Clump|-143.52 -1.24963 1.92|0 187.56 0|1.728 1.728 1.728|0
Grass|Grass Clump|-77.76 -5.08165 -136.32|0 251.28 0|1.5168 1.5168 1.5168|0
Grass|Grass Clump|-126.24 -3.8785 86.88|0 165.24 0|1.6968 1.6968 1.6968|0
Grass|Grass Clump|224.16 -3.18626 -127.68|0 322.2 0|1.5072 1.5072 1.5072|0
Grass|Grass Clump|-119.52 -2.81143 183.84|0 351.72 0|1.7392 1.7392 1.7392|0
Grass|Grass Clump|141.6 2.42261 25.44|0 59.04 0|1.4664 1.4664 1.4664|0
Grass|Grass Clump|221.76 -5.5037 179.52|0 42.12 0|1.5928 1.5928 1.5928|0
Grass|Grass Clump|141.12 2.23766 38.88|0 149.04 0|1.6664 1.6664 1.6664|0
Grass|Grass Clump|-116.16 -3.56532 -191.04|0 226.44 0|1.9032 1.9032 1.9032|0
Grass|Grass Clump|194.88 -2.04282 86.88|0 254.88 0|2.076 2.076 2.076|0
Grass|Grass Clump|71.52 2.69033 54.24|0 236.52 0|1.532 1.532 1.532|0
Grass|Grass Clump|120.48 3.02601 -31.2|0 331.56 0|1.8984 1.8984 1.8984|0
Grass|Grass Clump|89.76 -1.54472 -213.6|0 273.96 0|1.6568 1.6568 1.6568|0
Grass|Grass Clump|-221.28 0.661726 -194.88|0 209.16 0|1.952 1.952 1.952|0
Grass|Grass Clump|164.64 1.87284 -9.60001|0 174.24 0|1.5168 1.5168 1.5168|0
Grass|Grass Clump|96.96 3.73608 -1.44|0 7.2 0|1.7792 1.7792 1.7792|0
Grass|Grass Clump|-38.88 -2.1239 -12.48|0 173.52 0|1.924 1.924 1.924|0
Grass|Grass Clump|111.36 1.02514 100.32|0 255.24 0|1.5096 1.5096 1.5096|0
Grass|Grass Clump|170.88 -2.32236 121.44|0 50.4 0|1.7784 1.7784 1.7784|0
Grass|Grass Clump|-112.32 -3.9913 83.52|0 275.04 0|1.8176 1.8176 1.8176|0
Grass|Grass Clump|-132.48 -3.17323 69.6|0 318.96 0|1.616 1.616 1.616|0
Grass|Grass Clump|-197.28 0.758806 -219.84|0 3.24 0|2.0688 2.0688 2.0688|0
Grass|Grass Clump|-192.96 -2.35752 183.84|0 30.24 0|1.8104 1.8104 1.8104|0
Grass|Grass Clump|84 -2.16717 -157.44|0 325.08 0|1.9808 1.9808 1.9808|0
Grass|Grass Clump|100.32 -1.50029 -218.88|0 331.92 0|2.0272 2.0272 2.0272|0
Grass|Grass Clump|-186.72 -0.015163 237.6|0 203.4 0|1.4424 1.4424 1.4424|0
Grass|Grass Clump|-12.48 -2.58894 -207.36|0 38.16 0|1.9224 1.9224 1.9224|0
Grass|Grass Clump|33.12 -0.667483 192.48|0 46.08 0|1.476 1.476 1.476|0
Grass|Grass Clump|-80.16 -3.43965 -69.12|0 38.16 0|1.6104 1.6104 1.6104|0
Grass|Grass Clump|105.6 0.104423 142.56|0 233.28 0|1.9408 1.9408 1.9408|0
Grass|Grass Clump|-9.60001 -1.72582 -43.68|0 122.04 0|1.4688 1.4688 1.4688|0
Grass|Grass Clump|174.24 -1.73625 -151.2|0 174.96 0|1.8984 1.8984 1.8984|0
Grass|Grass Clump|-182.4 -1.13057 218.4|0 194.4 0|1.964 1.964 1.964|0
Grass|Grass Clump|-130.56 -4.13754 -153.6|0 125.64 0|1.7208 1.7208 1.7208|0
Grass|Grass Clump|-17.76 -0.959977 -10.08|0 73.8 0|1.8824 1.8824 1.8824|0
Grass|Grass Clump|161.28 -1.75547 -233.76|0 307.44 0|1.892 1.892 1.892|0
Grass|Grass Clump|-209.28 0.68086 -203.04|0 306.72 0|1.5744 1.5744 1.5744|0
Grass|Grass Clump|-99.36 -1.81949 208.32|0 299.88 0|1.9368 1.9368 1.9368|0
Grass|Grass Clump|134.88 1.6371 68.64|0 320.76 0|1.828 1.828 1.828|0
Grass|Grass Clump|-238.56 0.263806 231.36|0 343.8 0|1.5976 1.5976 1.5976|0
Grass|Grass Clump|88.32 2.68765 -59.52|0 51.84 0|1.856 1.856 1.856|0
Grass|Grass Clump|-54.24 -2.30998 20.64|0 211.32 0|2.0128 2.0128 2.0128|0
Grass|Grass Clump|-25.92 -1.63806 -16.8|0 24.12 0|1.8312 1.8312 1.8312|0
Grass|Grass Clump|-177.12 -3.16992 132.96|0 110.88 0|1.7464 1.7464 1.7464|0
Grass|Grass Clump|-179.04 0.66511 -228.48|0 1.44 0|2.0024 2.0024 2.0024|0
Grass|Grass Clump|-101.76 -2.44217 -30.24|0 238.32 0|1.8792 1.8792 1.8792|0
Grass|Grass Clump|-208.8 0.475054 -147.84|0 130.68 0|1.584 1.584 1.584|0
Grass|Grass Clump|216 0.172341 -38.88|0 59.4 0|1.7624 1.7624 1.7624|0
Grass|Grass Clump|-193.44 0.770999 -223.68|0 79.56 0|1.5224 1.5224 1.5224|0
Grass|Grass Clump|-234.24 1.33219 -126.24|0 5.76 0|1.6776 1.6776 1.6776|0
Grass|Grass Clump|-86.4 -3.56186 126.24|0 195.12 0|1.5688 1.5688 1.5688|0
Grass|Grass Clump|177.6 -4.22007 194.4|0 275.04 0|1.756 1.756 1.756|0
Grass|Grass Clump|-219.36 -1.36911 192|0 346.32 0|1.4856 1.4856 1.4856|0
Grass|Grass Clump|163.68 -3.40982 206.88|0 48.24 0|2.0232 2.0232 2.0232|0
Grass|Grass Clump|-99.84 -2.39433 -20.64|0 20.88 0|1.7736 1.7736 1.7736|0
Grass|Grass Clump|-24 -1.56669 236.64|0 180 0|1.728 1.728 1.728|0
Grass|Grass Clump|62.88 -2.59333 -169.92|0 88.2 0|1.7712 1.7712 1.7712|0
Grass|Grass Clump|-40.8 -3.35795 -68.64|0 47.88 0|1.6824 1.6824 1.6824|0
Grass|Grass Clump|-118.56 -2.43217 192.48|0 333 0|1.7688 1.7688 1.7688|0
Grass|Grass Clump|-69.12 -2.98996 85.92|0 90.72 0|1.9024 1.9024 1.9024|0
Grass|Grass Clump|126.72 -1.38963 225.12|0 180.72 0|2.0024 2.0024 2.0024|0
Grass|Grass Clump|-174.72 -0.78235 -24.96|0 196.2 0|1.6464 1.6464 1.6464|0
Grass|Grass Clump|15.84 -2.21326 -84|0 12.24 0|1.96 1.96 1.96|0
Grass|Grass Clump|157.92 1.02903 -59.52|0 339.84 0|1.5064 1.5064 1.5064|0
Grass|Grass Clump|234.72 -0.0271439 -6.24001|0 325.08 0|1.7504 1.7504 1.7504|0
Grass|Grass Clump|107.52 -0.409519 178.56|0 95.04 0|1.6416 1.6416 1.6416|0
Grass|Grass Clump|54.24 2.79517 -33.6|0 178.2 0|1.8744 1.8744 1.8744|0
Grass|Grass Clump|100.8 -0.148374 171.36|0 339.12 0|2.172 2.172 2.172|0
Grass|Grass Clump|-104.64 -1.0743 232.8|0 247.68 0|1.6576 1.6576 1.6576|0
Grass|Grass Clump|134.4 -1.71332 -180.96|0 284.76 0|1.932 1.932 1.932|0
Grass|Grass Clump|234.72 0.0302036 -11.04|0 92.88 0|1.4664 1.4664 1.4664|0
Grass|Grass Clump|-94.08 -3.06919 36|0 29.16 0|2.1024 2.1024 2.1024|0
Grass|Grass Clump|199.68 -2.40033 -196.8|0 119.16 0|1.9088 1.9088 1.9088|0
Grass|Grass Clump|106.56 2.9312 -52.8|0 231.48 0|1.8512 1.8512 1.8512|0
Grass|Grass Clump|1.44 -1.52263 -52.8|0 160.56 0|1.5128 1.5128 1.5128|0
Grass|Grass Clump|-11.52 -3.45346 -94.56|0 23.04 0|1.4448 1.4448 1.4448|0
Grass|Grass Clump|27.36 -2.91109 -116.16|0 95.04 0|1.6992 1.6992 1.6992|0
Grass|Grass Clump|112.32 -1.55799 -222.24|0 132.84 0|2.0416 2.0416 2.0416|0
Grass|Grass Clump|-30.72 -0.724119 55.68|0 245.52 0|1.956 1.956 1.956|0
Grass|Grass Clump|-138.72 -3.69252 166.08|0 201.6 0|1.8136 1.8136 1.8136|0
Grass|Grass Clump|-69.12 -2.72364 -12|0 40.68 0|1.7072 1.7072 1.7072|0
Grass|Grass Clump|133.44 -1.39842 -164.16|0 93.96 0|2.1824 2.1824 2.1824|0
Grass|Grass Clump|-206.88 0.46551 -167.52|0 259.56 0|1.9848 1.9848 1.9848|0
Grass|Grass Clump|135.36 0.670128 -100.8|0 162.72 0|2.1792 2.1792 2.1792|0
Grass|Grass Clump|-215.04 -1.87392 153.6|0 235.44 0|2.1464 2.1464 2.1464|0
Grass|Grass Clump|-202.56 -1.0195 84.96|0 24.84 0|1.8152 1.8152 1.8152|0
Grass|Grass Clump|-200.64 0.181041 -13.92|0 86.76 0|1.836 1.836 1.836|0
Grass|Grass Clump|-237.12 1.68948 -10.08|0 225.72 0|1.5304 1.5304 1.5304|0
Grass|Grass Clump|12 -3.34802 -116.64|0 294.48 0|1.4808 1.4808 1.4808|0
Grass|Grass Clump|88.32 -2.26116 -174.72|0 172.08 0|1.8296 1.8296 1.8296|0
Grass|Grass Clump|73.44 3.44995 31.68|0 172.8 0|1.5744 1.5744 1.5744|0
Grass|Grass Clump|69.12 0.608539 109.92|0 193.32 0|2.1536 2.1536 2.1536|0
Grass|Grass Clump|-144 -0.465411 -224.64|0 205.2 0|2.104 2.104 2.104|0
Grass|Grass Clump|-11.52 0.434669 65.28|0 295.2 0|1.5288 1.5288 1.5288|0
Grass|Grass Clump|212.64 -5.6157 141.12|0 282.6 0|1.6688 1.6688 1.6688|0
Grass|Grass Clump|109.44 0.248204 132|0 214.2 0|1.6488 1.6488 1.6488|0
Grass|Grass Clump|50.88 0.0825355 -237.6|0 165.6 0|2.1744 2.1744 2.1744|0
Grass|Grass Clump|151.68 -2.72743 169.92|0 7.56 0|2.1488 2.1488 2.1488|0
Grass|Grass Clump|-190.08 -0.0935379 8.64|0 286.2 0|1.7096 1.7096 1.7096|0
Grass|Grass Clump|-34.08 -1.23319 100.8|0 16.92 0|1.9248 1.9248 1.9248|0
Grass|Grass Clump|98.4 0.688063 115.68|0 36 0|1.4752 1.4752 1.4752|0
Grass|Grass Clump|-120.96 -3.98594 87.36|0 304.56 0|1.7064 1.7064 1.7064|0
Grass|Grass Clump|-16.32 -2.84548 -67.2|0 329.04 0|1.7168 1.7168 1.7168|0
Grass|Grass Clump|164.64 -1.84021 -204.96|0 328.32 0|1.9576 1.9576 1.9576|0
Grass|Grass Clump|-101.28 -3.41828 54.72|0 14.4 0|1.6072 1.6072 1.6072|0
Grass|Grass Clump|-176.16 -3.2364 134.88|0 136.8 0|1.4184 1.4184 1.4184|0
Grass|Grass Clump|131.52 -1.76243 196.32|0 9.36 0|2.1584 2.1584 2.1584|0
Grass|Grass Clump|60.48 -2.60699 -148.8|0 111.6 0|1.928 1.928 1.928|0
Grass|Grass Clump|-236.64 0.382095 42.24|0 30.6 0|1.892 1.892 1.892|0
Grass|Grass Clump|159.84 -0.981879 -133.44|0 349.92 0|1.8936 1.8936 1.8936|0
Grass|Grass Clump|-60.96 -2.01082 225.12|0 159.12 0|1.4424 1.4424 1.4424|0
Grass|Grass Clump|173.28 -3.39291 218.4|0 116.28 0|1.696 1.696 1.696|0
Grass|Grass Clump|238.08 -0.048688 -14.88|0 169.56 0|1.596 1.596 1.596|0
Grass|Grass Clump|-118.56 -1.65878 -224.64|0 340.56 0|2.1096 2.1096 2.1096|0
Grass|Grass Clump|231.84 -3.59233 -142.56|0 327.24 0|2.0208 2.0208 2.0208|0
Grass|Grass Clump|165.12 -2.33122 130.08|0 7.56 0|1.4344 1.4344 1.4344|0
Grass|Grass Clump|6.72 -0.854914 -237.6|0 124.92 0|1.9152 1.9152 1.9152|0
Grass|Grass Clump|-228 0.67555 -205.44|0 306.72 0|1.5152 1.5152 1.5152|0
Grass|Grass Clump|-183.36 -1.64539 85.92|0 118.8 0|1.4224 1.4224 1.4224|0
Grass|Grass Clump|105.12 2.05088 -76.32|0 144.72 0|1.7656 1.7656 1.7656|0
Grass|Grass Clump|-36.48 -1.95758 228.96|0 65.88 0|1.6864 1.6864 1.6864|0
Grass|Grass Clump|85.44 2.18782 -68.64|0 63 0|2.1408 2.1408 2.1408|0
Grass|Grass Clump|-85.44 -3.1302 152.16|0 252 0|1.5632 1.5632 1.5632|0
Grass|Grass Clump|147.84 -1.95145 238.56|0 146.16 0|1.5632 1.5632 1.5632|0
Grass|Grass Clump|194.4 -2.48369 -171.36|0 224.64 0|1.6464 1.6464 1.6464|0
Grass|Grass Clump|223.68 -4.14001 91.2|0 184.32 0|2.0296 2.0296 2.0296|0
Grass|Grass Clump|77.76 1.37946 -78.72|0 297.36 0|1.9888 1.9888 1.9888|0
Grass|Grass Clump|98.4 3.20841 28.8|0 117.72 0|1.904 1.904 1.904|0
Grass|Grass Clump|-126.24 -3.13855 -188.64|0 104.4 0|1.5528 1.5528 1.5528|0
Grass|Grass Clump|221.28 -4.74327 199.68|0 211.32 0|1.7128 1.7128 1.7128|0
Grass|Grass Clump|-70.56 -2.71182 -2.39999|0 37.44 0|2.1696 2.1696 2.1696|0
Grass|Grass Clump|48.48 0.0606475 119.04|0 297 0|2.0848 2.0848 2.0848|0
Grass|Grass Clump|-64.8 -2.08119 214.56|0 228.24 0|2.1736 2.1736 2.1736|0
Grass|Grass Clump|90.72 -2.03351 -158.88|0 180.72 0|1.7024 1.7024 1.7024|0
Grass|Grass Clump|-161.28 -3.79602 149.76|0 308.88 0|2.0032 2.0032 2.0032|0
Grass|Grass Clump|-20.16 -2.18204 184.32|0 313.92 0|2.0992 2.0992 2.0992|0
Grass|Grass Clump|-207.84 0.432636 -88.8|0 126 0|1.4248 1.4248 1.4248|0
Grass|Grass Clump|166.08 -0.614576 -106.56|0 301.68 0|2.1992 2.1992 2.1992|0
Grass|Grass Clump|194.88 -1.85308 -238.08|0 181.08 0|1.5928 1.5928 1.5928|0
Grass|Grass Clump|219.84 -1.70329 54.72|0 168.48 0|1.9744 1.9744 1.9744|0
Grass|Grass Clump|4.79999 0.488497 90.24|0 29.88 0|2.0704 2.0704 2.0704|0
Grass|Grass Clump|36.96 -0.586645 136.32|0 267.84 0|1.5072 1.5072 1.5072|0
Grass|Grass Clump|156.48 -1.69935 -238.08|0 205.56 0|1.8672 1.8672 1.8672|0
Grass|Grass Clump|115.2 -0.885151 201.6|0 39.96 0|2.1584 2.1584 2.1584|0
Grass|Grass Clump|152.16 -2.70044 167.04|0 327.24 0|2.0896 2.0896 2.0896|0
Grass|Grass Clump|76.8 0.132974 183.84|0 40.68 0|1.8992 1.8992 1.8992|0
Grass|Grass Clump|-121.92 -2.96991 -62.88|0 288.72 0|1.7144 1.7144 1.7144|0
Grass|Grass Clump|77.76 0.154889 -98.88|0 296.64 0|1.6864 1.6864 1.6864|0
Grass|Grass Clump|238.08 -2.10531 43.68|0 210.6 0|1.6944 1.6944 1.6944|0
Grass|Grass Clump|82.56 1.5185 84.48|0 272.52 0|1.9936 1.9936 1.9936|0
Grass|Grass Clump|39.36 -1.31759 -209.76|0 199.8 0|1.7424 1.7424 1.7424|0
Grass|Grass Clump|-145.44 -3.61912 -133.92|0 90.36 0|1.768 1.768 1.768|0
Grass|Grass Clump|190.08 0.935684 -27.84|0 261 0|2.0632 2.0632 2.0632|0
Grass|Grass Clump|-199.2 -0.124799 -73.92|0 346.32 0|1.7016 1.7016 1.7016|0
Grass|Grass Clump|-138.24 -2.82924 65.76|0 294.48 0|1.9592 1.9592 1.9592|0
Grass|Grass Clump|91.2 0.0194833 187.2|0 269.64 0|1.9248 1.9248 1.9248|0
Grass|Grass Clump|-136.8 -3.4409 82.08|0 183.6 0|1.532 1.532 1.532|0
Grass|Grass Clump|157.44 1.34498 -48|0 45 0|1.8048 1.8048 1.8048|0
Grass|Grass Clump|33.12 -0.298889 208.32|0 223.2 0|1.5456 1.5456 1.5456|0
Grass|Grass Clump|158.4 1.75648 -27.84|0 286.56 0|2.036 2.036 2.036|0
Grass|Grass Clump|-24.48 -2.11513 206.88|0 86.4 0|1.4024 1.4024 1.4024|0
Grass|Grass Clump|201.12 -2.755 -165.6|0 193.68 0|1.76 1.76 1.76|0
Grass|Grass Clump|20.16 -2.46527 -185.76|0 209.16 0|1.6928 1.6928 1.6928|0
Grass|Grass Clump|48.96 -0.0344478 199.2|0 252 0|1.6152 1.6152 1.6152|0
Grass|Grass Clump|-98.88 -2.46678 2.39999|0 242.28 0|1.8272 1.8272 1.8272|0
Grass|Grass Clump|139.2 -1.49349 -169.92|0 11.16 0|1.8056 1.8056 1.8056|0
Grass|Grass Clump|110.88 -0.179627 152.16|0 200.16 0|1.5056 1.5056 1.5056|0
Grass|Grass Clump|235.68 -3.86306 216.96|0 306 0|2.104 2.104 2.104|0
Grass|Grass Clump|-216.48 0.995771 -82.56|0 315.72 0|1.8928 1.8928 1.8928|0
Grass|Grass Clump|57.12 -2.55065 -140.16|0 104.4 0|2.0496 2.0496 2.0496|0
Grass|Grass Clump|-89.28 -2.69123 -34.56|0 39.24 0|1.6384 1.6384 1.6384|0
Grass|Grass Clump|20.16 2.27645 9.59999|0 153.72 0|1.5312 1.5312 1.5312|0
Grass|Grass Clump|176.16 0.533725 -53.28|0 121.68 0|1.536 1.536 1.536|0
Grass|Grass Clump|-148.8 -3.41133 -104.64|0 261 0|2.1224 2.1224 2.1224|0
Grass|Grass Clump|-26.88 -1.60665 -13.92|0 24.84 0|1.4256 1.4256 1.4256|0
Grass|Grass Clump|90.24 3.79127 -22.08|0 125.28 0|1.7928 1.7928 1.7928|0
Grass|Grass Clump|57.12 0.192977 119.04|0 182.88 0|2.12 2.12 2.12|0
Grass|Grass Clump|-132 -4.16232 147.36|0 11.52 0|1.6224 1.6224 1.6224|0
Grass|Grass Clump|-108.96 -4.90895 -159.84|0 227.88 0|1.848 1.848 1.848|0
Grass|Grass Clump|166.08 -1.81464 -224.16|0 101.88 0|1.8968 1.8968 1.8968|0
Grass|Grass Clump|15.36 -0.802222 214.08|0 271.08 0|1.4008 1.4008 1.4008|0
Grass|Grass Clump|-122.88 -1.88725 -216.48|0 19.44 0|2.092 2.092 2.092|0
Grass|Grass Clump|-180.48 -1.12675 -59.04|0 137.16 0|1.6064 1.6064 1.6064|0
Grass|Grass Clump|-105.6 -3.4999 157.92|0 298.08 0|1.9152 1.9152 1.9152|0
Grass|Grass Clump|116.16 -1.39319 -229.92|0 272.52 0|1.5408 1.5408 1.5408|0
Grass|Grass Clump|190.56 -4.74472 190.08|0 232.2 0|1.752 1.752 1.752|0
Grass|Grass Clump|-142.56 -0.109143 -235.2|0 190.08 0|1.9432 1.9432 1.9432|0
Grass|Grass Clump|79.2 -2.3095 -182.4|0 356.04 0|1.5864 1.5864 1.5864|0
Grass|Grass Clump|-50.88 -2.25641 10.08|0 304.2 0|1.8632 1.8632 1.8632|0
Grass|Grass Clump|-213.12 0.783453 -83.04|0 167.76 0|1.7248 1.7248 1.7248|0
Grass|Grass Clump|56.64 3.34883 35.52|0 226.8 0|1.5472 1.5472 1.5472|0
Grass|Grass Clump|102.24 2.67089 46.56|0 320.4 0|1.992 1.992 1.992|0
Grass|Grass Clump|2.39999 -3.04906 -92.64|0 141.12 0|1.8248 1.8248 1.8248|0
Grass|Grass Clump|198.72 -5.28774 157.44|0 219.6 0|1.5624 1.5624 1.5624|0
Grass|Grass Clump|-197.76 -0.202923 -69.12|0 82.08 0|1.86 1.86 1.86|0
Grass|Grass Clump|1.92 -1.5843 -54.72|0 284.76 0|1.6936 1.6936 1.6936|0
Grass|Grass Clump|-210.72 0.570498 -120.48|0 190.08 0|1.9512 1.9512 1.9512|0
Grass|Grass Clump|-201.12 0.228565 -157.92|0 170.28 0|1.4704 1.4704 1.4704|0
Grass|Grass Clump|39.84 -2.54274 -179.04|0 336.6 0|1.864 1.864 1.864|0
Grass|Grass Clump|40.8 2.56042 -22.56|0 180 0|1.7344 1.7344 1.7344|0
Grass|Grass Clump|146.4 -0.171612 -117.6|0 335.88 0|2.128 2.128 2.128|0
Grass|Grass Clump|85.44 2.91324 45.12|0 2.16 0|2.0256 2.0256 2.0256|0
Grass|Grass Clump|-151.68 -1.98706 -49.44|0 110.88 0|1.4776 1.4776 1.4776|0
Grass|Grass Clump|11.04 -1.56958 168|0 303.48 0|1.9624 1.9624 1.9624|0
Grass|Grass Clump|180.48 -4.33405 156.96|0 251.28 0|1.8048 1.8048 1.8048|0
Grass|Grass Clump|78.72 -0.25848 -106.56|0 67.68 0|1.5968 1.5968 1.5968|0
Grass|Grass Clump|68.64 1.54607 -69.6|0 227.52 0|2.1272 2.1272 2.1272|0
Grass|Grass Clump|167.52 -1.43615 -144.96|0 332.28 0|1.7192 1.7192 1.7192|0
Grass|Grass Clump|79.68 3.73551 17.76|0 41.76 0|1.976 1.976 1.976|0
Grass|Grass Clump|210.72 -0.672245 46.08|0 351.36 0|1.5352 1.5352 1.5352|0
Grass|Grass Clump|-120 -3.28995 -71.52|0 34.56 0|1.844 1.844 1.844|0
Grass|Grass Clump|-239.04 2.27868 -48.96|0 20.16 0|1.8304 1.8304 1.8304|0
Grass|Grass Clump|-166.56 -1.10329 -29.76|0 141.48 0|1.9368 1.9368 1.9368|0
Grass|Grass Clump|112.32 0.46306 120.96|0 282.6 0|2.0656 2.0656 2.0656|0
Grass|Grass Clump|-164.16 -1.91927 -61.92|0 181.8 0|1.4224 1.4224 1.4224|0
Grass|Grass Clump|36.48 3.00681 36|0 8.28 0|2.156 2.156 2.156|0
Grass|Grass Clump|-21.12 -2.08774 167.04|0 45 0|1.6376 1.6376 1.6376|0
Grass|Grass Clump|-189.12 -0.813534 -79.2|0 262.8 0|1.564 1.564 1.564|0
Grass|Grass Clump|-120.96 -1.95775 -21.6|0 299.52 0|1.7392 1.7392 1.7392|0
Grass|Grass Clump|146.4 -1.79377 -194.88|0 88.56 0|2.0968 2.0968 2.0968|0
Grass|Grass Clump|-123.84 -1.89179 11.04|0 339.12 0|1.7576 1.7576 1.7576|0
Grass|Grass Clump|178.56 -1.85111 -225.12|0 291.24 0|2.0456 2.0456 2.0456|0
Grass|Grass Clump|-21.12 -1.43604 132|0 199.44 0|1.6048 1.6048 1.6048|0
Grass|Grass Clump|220.8 -3.38548 -143.52|0 11.52 0|1.5368 1.5368 1.5368|0
Grass|Grass Clump|116.64 -0.936827 195.84|0 213.12 0|1.9384 1.9384 1.9384|0
Grass|Grass Clump|-158.4 -3.90064 142.56|0 219.96 0|1.804 1.804 1.804|0
Grass|Grass Clump|-44.16 -2.02595 228.48|0 182.88 0|1.4808 1.4808 1.4808|0
Grass|Grass Clump|87.84 1.78292 -77.28|0 188.64 0|1.6544 1.6544 1.6544|0
Grass|Grass Clump|94.08 -1.94839 -201.12|0 294.12 0|1.664 1.664 1.664|0
Grass|Grass Clump|-231.84 -1.44499 146.88|0 312.48 0|1.9392 1.9392 1.9392|0
Grass|Grass Clump|193.92 1.23569 -2.88|0 358.2 0|2.0728 2.0728 2.0728|0
Grass|Grass Clump|-90.72 -3.76391 -81.12|0 172.44 0|1.7408 1.7408 1.7408|0
Grass|Grass Clump|158.4 -0.840822 -129.12|0 131.76 0|1.804 1.804 1.804|0
Grass|Grass Clump|-11.04 0.242298 16.32|0 9.72 0|1.5832 1.5832 1.5832|0
Grass|Grass Clump|206.4 -2.93618 -144|0 203.04 0|1.9472 1.9472 1.9472|0
Grass|Grass Clump|115.68 0.0520382 134.88|0 133.92 0|2.0456 2.0456 2.0456|0
Grass|Grass Clump|34.08 -0.0320445 -62.88|0 87.48 0|1.9952 1.9952 1.9952|0
Grass|Grass Clump|-21.12 -3.30193 -192.48|0 145.08 0|1.4144 1.4144 1.4144|0
Grass|Grass Clump|51.36 -2.83238 -155.04|0 177.12 0|1.9816 1.9816 1.9816|0
Grass|Grass Clump|-98.4 -3.5894 62.4|0 259.92 0|1.5152 1.5152 1.5152|0
Grass|Grass Clump|12.48 2.00392 39.36|0 292.68 0|1.5728 1.5728 1.5728|0
Grass|Grass Clump|140.64 -1.79152 -220.32|0 78.48 0|1.708 1.708 1.708|0
Grass|Grass Clump|155.52 0.540646 82.08|0 236.16 0|2.1136 2.1136 2.1136|0
Grass|Grass Clump|226.56 -5.60416 176.16|0 286.92 0|1.62 1.62 1.62|0
Grass|Grass Clump|-35.52 -2.41945 -31.2|0 320.4 0|1.8048 1.8048 1.8048|0
Grass|Grass Clump|-65.28 -2.69402 36|0 162.72 0|1.8008 1.8008 1.8008|0
Grass|Grass Clump|-191.04 0.766502 -225.12|0 56.52 0|1.7864 1.7864 1.7864|0
Grass|Grass Clump|93.12 -1.96536 -158.4|0 93.24 0|2.0688 2.0688 2.0688|0
Grass|Grass Clump|-60 -2.52944 122.88|0 327.6 0|1.84 1.84 1.84|0
Grass|Grass Clump|209.28 -2.91243 -132.96|0 92.16 0|2.192 2.192 2.192|0
Grass|Grass Clump|236.64 -5.45818 108.48|0 236.16 0|1.5712 1.5712 1.5712|0
Grass|Grass Clump|-7.2 -0.942261 123.84|0 339.48 0|1.6184 1.6184 1.6184|0
Grass|Grass Clump|28.32 -1.01766 150.72|0 232.92 0|2.116 2.116 2.116|0
Grass|Grass Clump|-110.4 -3.42421 163.68|0 236.52 0|1.4232 1.4232 1.4232|0
Grass|Grass Clump|-112.32 -2.22323 10.08|0 223.92 0|1.512 1.512 1.512|0
Grass|Grass Clump|-153.6 -1.51594 -33.6|0 40.32 0|1.4176 1.4176 1.4176|0
Grass|Grass Clump|-36 -1.2356 32.16|0 331.92 0|2.0304 2.0304 2.0304|0
Grass|Grass Clump|197.76 -2.34 -197.76|0 292.68 0|1.5112 1.5112 1.5112|0
Grass|Grass Clump|-168.96 -2.96144 108|0 41.76 0|2.1936 2.1936 2.1936|0
Grass|Grass Clump|229.92 -5.07655 104.16|0 199.44 0|1.8752 1.8752 1.8752|0
Grass|Grass Clump|-128.64 -2.63546 49.44|0 306.36 0|1.6808 1.6808 1.6808|0
Grass|Grass Clump|43.2 2.6896 52.32|0 342.72 0|1.6832 1.6832 1.6832|0
Grass|Grass Clump|-187.2 -2.22925 192.96|0 155.16 0|1.556 1.556 1.556|0
Grass|Grass Clump|133.92 -0.305512 125.76|0 243 0|2.0712 2.0712 2.0712|0
Grass|Grass Clump|-19.2 0.0269615 59.04|0 284.76 0|2.0664 2.0664 2.0664|0
Grass|Grass Clump|133.44 -1.15711 153.12|0 141.48 0|1.5928 1.5928 1.5928|0
Grass|Grass Clump|225.6 -2.67208 -215.52|0 122.76 0|1.4288 1.4288 1.4288|0
Grass|Grass Clump|146.4 -0.0929282 106.08|0 324.72 0|2.1016 2.1016 2.1016|0
Grass|Grass Clump|120 -1.6091 -166.56|0 19.08 0|1.4088 1.4088 1.4088|0
Grass|Grass Clump|-84.48 -3.45845 129.12|0 231.48 0|2.016 2.016 2.016|0
Grass|Grass Clump|232.8 -3.72901 -167.52|0 207.72 0|2.1984 2.1984 2.1984|0
Grass|Grass Clump|63.84 -2.62163 -163.2|0 61.2 0|1.7432 1.7432 1.7432|0
Grass|Grass Clump|239.52 -2.55137 -229.92|0 244.44 0|1.8136 1.8136 1.8136|0
Grass|Grass Clump|-122.4 -4.6555 -124.8|0 203.04 0|1.7832 1.7832 1.7832|0
Grass|Grass Clump|-42.72 -3.50176 -74.88|0 112.68 0|1.4656 1.4656 1.4656|0
Grass|Grass Clump|-177.6 0.0624007 -200.64|0 142.56 0|1.4592 1.4592 1.4592|0
Grass|Grass Clump|-55.2 -4.02319 -204.96|0 200.16 0|1.536 1.536 1.536|0
Grass|Grass Clump|-67.68 -2.54544 166.56|0 311.4 0|1.924 1.924 1.924|0
Grass|Grass Clump|194.88 -2.3714 -188.16|0 205.2 0|1.508 1.508 1.508|0
Grass|Grass Clump|-124.8 -4.27123 138.72|0 235.8 0|1.7864 1.7864 1.7864|0
Grass|Grass Clump|15.36 1.43606 71.52|0 345.96 0|1.8808 1.8808 1.8808|0
Grass|Grass Clump|-58.08 -3.48991 -70.56|0 94.32 0|1.6792 1.6792 1.6792|0
Grass|Grass Clump|170.4 -1.83379 -221.76|0 83.88 0|1.4192 1.4192 1.4192|0
Grass|Grass Clump|-88.8 -4.41231 -102.24|0 265.68 0|1.516 1.516 1.516|0
Grass|Grass Clump|-59.04 -2.50235 14.4|0 15.12 0|2.056 2.056 2.056|0
Grass|Grass Clump|-12.96 -1.33689 133.92|0 294.48 0|1.7136 1.7136 1.7136|0
Grass|Grass Clump|206.4 0.244935 30.72|0 108 0|1.4944 1.4944 1.4944|0
Grass|Grass Clump|231.36 -3.35334 -130.56|0 282.6 0|1.8272 1.8272 1.8272|0
Grass|Grass Clump|-181.92 -0.858758 -150.72|0 82.44 0|1.6464 1.6464 1.6464|0
Grass|Grass Clump|-177.6 -1.62233 -115.68|0 175.68 0|1.556 1.556 1.556|0
Grass|Grass Clump|-3.36 1.07497 41.76|0 102.96 0|1.5792 1.5792 1.5792|0
Grass|Grass Clump|128.64 2.87709 -17.28|0 276.84 0|1.5048 1.5048 1.5048|0
Grass|Grass Clump|-126.24 -1.40993 215.52|0 172.08 0|2.1056 2.1056 2.1056|0
Grass|Grass Clump|-117.12 -2.94502 -60.48|0 108.36 0|1.7568 1.7568 1.7568|0
Grass|Grass Clump|167.52 0.0665749 -79.2|0 255.24 0|1.8936 1.8936 1.8936|0
Grass|Grass Clump|-65.28 -2.19929 202.56|0 184.32 0|1.5024 1.5024 1.5024|0
Grass|Grass Clump|108.96 0.00596817 144.48|0 271.44 0|1.6032 1.6032 1.6032|0
Grass|Grass Clump|-223.2 1.08056 -124.8|0 302.4 0|1.696 1.696 1.696|0
Grass|Grass Clump|105.12 1.14028 97.44|0 37.08 0|1.7472 1.7472 1.7472|0
Grass|Grass Clump|25.44 -2.95527 -167.52|0 308.88 0|1.5208 1.5208 1.5208|0
Grass|Grass Clump|-137.28 -0.306009 -235.2|0 267.84 0|1.7472 1.7472 1.7472|0
Grass|Grass Clump|108 2.34396 55.68|0 257.76 0|1.8736 1.8736 1.8736|0
Grass|Grass Clump|-148.32 -1.41835 32.16|0 319.32 0|1.5872 1.5872 1.5872|0
Grass|Grass Clump|-124.32 -1.14295 221.76|0 332.64 0|1.7392 1.7392 1.7392|0
Grass|Grass Clump|-72.48 -2.76653 -22.56|0 202.32 0|1.816 1.816 1.816|0
Grass|Grass Clump|-102.72 -5.14044 -136.32|0 270.36 0|2.0152 2.0152 2.0152|0
Grass|Grass Clump|-35.04 -2.30744 187.68|0 358.2 0|2.0944 2.0944 2.0944|0
Grass|Grass Clump|-198.72 -2.04608 121.44|0 182.52 0|1.4808 1.4808 1.4808|0
Grass|Grass Clump|-211.2 -1.31447 105.6|0 169.56 0|1.4184 1.4184 1.4184|0
Grass|Grass Clump|101.28 -2.09502 -178.56|0 189.36 0|1.52 1.52 1.52|0
Grass|Grass Clump|-23.52 -3.12879 -70.56|0 242.28 0|1.4264 1.4264 1.4264|0
Grass|Grass Clump|155.04 1.17316 -58.56|0 145.8 0|1.8728 1.8728 1.8728|0
Grass|Grass Clump|108 -0.502358 189.6|0 44.64 0|1.8608 1.8608 1.8608|0
Grass|Grass Clump|187.68 -1.49357 -104.16|0 174.96 0|1.5088 1.5088 1.5088|0
Grass|Grass Clump|-231.36 -0.936409 196.8|0 10.08 0|1.5088 1.5088 1.5088|0
Grass|Grass Clump|-175.68 -1.13686 60|0 186.48 0|1.552 1.552 1.552|0
Grass|Grass Clump|108.96 0.462827 -109.44|0 350.28 0|1.68 1.68 1.68|0
Grass|Grass Clump|97.92 -1.80098 -156.48|0 286.2 0|2.1872 2.1872 2.1872|0
Grass|Grass Clump|-159.84 -2.88615 186.24|0 18 0|1.96 1.96 1.96|0
Grass|Grass Clump|226.56 -0.295444 18.24|0 338.04 0|1.4864 1.4864 1.4864|0
Grass|Grass Clump|-195.36 -0.333442 47.52|0 213.12 0|1.8744 1.8744 1.8744|0
Grass|Grass Clump|-216.48 -1.69653 178.56|0 326.88 0|2.008 2.008 2.008|0
Grass|Grass Clump|172.8 -0.453584 -89.28|0 173.16 0|1.4616 1.4616 1.4616|0
Grass|Grass Clump|187.2 -2.88839 234.24|0 297 0|1.7208 1.7208 1.7208|0
Grass|Grass Clump|228 0.20267 -5.28|0 196.2 0|1.4392 1.4392 1.4392|0
Grass|Grass Clump|132 2.58147 -34.56|0 150.84 0|1.4312 1.4312 1.4312|0
Grass|Grass Clump|-204.96 0.239874 -89.76|0 21.6 0|1.5256 1.5256 1.5256|0
Grass|Grass Clump|194.4 -4.04652 122.88|0 316.08 0|2.1992 2.1992 2.1992|0
Grass|Grass Clump|189.12 -2.28539 -176.64|0 229.68 0|1.7456 1.7456 1.7456|0
Grass|Grass Clump|-124.32 -3.6675 -179.04|0 63.36 0|1.9632 1.9632 1.9632|0
Grass|Grass Clump|44.16 1.36136 84.48|0 196.2 0|1.5248 1.5248 1.5248|0
Grass|Grass Clump|-66.24 -2.84379 100.32|0 45.36 0|1.6672 1.6672 1.6672|0
Grass|Grass Clump|238.08 -2.68302 53.76|0 142.2 0|1.9432 1.9432 1.9432|0
Grass|Grass Clump|72.48 -2.19233 -144.48|0 129.24 0|1.4272 1.4272 1.4272|0
Grass|Grass Clump|-43.2 -2.32554 178.08|0 318.96 0|1.972 1.972 1.972|0
Grass|Grass Clump|219.84 -5.29927 119.52|0 36.72 0|1.5088 1.5088 1.5088|0
Grass|Grass Clump|-59.52 -2.90054 -233.28|0 28.08 0|1.6808 1.6808 1.6808|0
Grass|Grass Clump|-172.8 0.105442 -208.8|0 211.68 0|1.4896 1.4896 1.4896|0
Grass|Grass Clump|-213.12 0.739726 -210.24|0 336.24 0|1.8256 1.8256 1.8256|0
Grass|Grass Clump|196.8 -2.14043 -212.16|0 283.68 0|2.064 2.064 2.064|0
Grass|Grass Clump|-118.56 -0.942854 228.48|0 7.2 0|1.9832 1.9832 1.9832|0
Grass|Grass Clump|69.6 0.687378 229.44|0 255.24 0|1.8304 1.8304 1.8304|0
Grass|Grass Clump|202.56 -4.47313 120.96|0 250.56 0|1.5208 1.5208 1.5208|0
Grass|Grass Clump|-215.52 0.18054 36.48|0 225.72 0|1.9056 1.9056 1.9056|0
Grass|Grass Clump|-134.88 -2.33382 -194.88|0 172.8 0|2.0696 2.0696 2.0696|0
Grass|Grass Clump|-129.12 -2.20574 35.52|0 181.08 0|1.9384 1.9384 1.9384|0
Grass|Grass Clump|-177.6 -0.101005 -193.92|0 97.56 0|2.0632 2.0632 2.0632|0
Grass|Grass Clump|-87.36 -3.74879 103.2|0 254.16 0|1.6752 1.6752 1.6752|0
Grass|Grass Clump|214.56 -3.26496 -156.48|0 104.4 0|1.7048 1.7048 1.7048|0
Grass|Grass Clump|-149.28 -1.61253 41.76|0 226.8 0|1.5008 1.5008 1.5008|0
Grass|Grass Clump|171.36 -1.20804 -122.88|0 121.68 0|1.9056 1.9056 1.9056|0
Grass|Grass Clump|124.32 -0.0613928 129.6|0 275.76 0|1.5712 1.5712 1.5712|0
Grass|Grass Clump|-171.36 -2.60334 99.84|0 226.44 0|2.016 2.016 2.016|0
Grass|Grass Clump|188.64 -1.87321 -118.56|0 40.32 0|1.7088 1.7088 1.7088|0
Grass|Grass Clump|78.24 1.84615 75.36|0 142.56 0|1.6368 1.6368 1.6368|0
Grass|Grass Clump|106.08 -0.507677 -128.16|0 136.08 0|1.8576 1.8576 1.8576|0
Grass|Grass Clump|-233.28 -1.42129 154.08|0 48.24 0|1.9992 1.9992 1.9992|0
Grass|Grass Clump|-62.4 -3.73373 -81.6|0 291.6 0|1.9488 1.9488 1.9488|0
Grass|Grass Clump|77.76 0.0580241 154.08|0 64.8 0|2.032 2.032 2.032|0
Grass|Grass Clump|-234.24 1.07632 -141.12|0 154.44 0|1.7088 1.7088 1.7088|0
Grass|Grass Clump|-96.48 -1.27868 231.84|0 355.32 0|2.1672 2.1672 2.1672|0
Grass|Grass Clump|58.08 -0.788431 -221.28|0 242.28 0|1.8504 1.8504 1.8504|0
Grass|Grass Clump|-236.64 0.924471 -150.72|0 240.84 0|1.5432 1.5432 1.5432|0
Grass|Grass Clump|-205.44 0.548868 -188.16|0 47.16 0|2.0616 2.0616 2.0616|0
Grass|Grass Clump|189.12 -4.37516 139.2|0 31.68 0|1.484 1.484 1.484|0
Grass|Grass Clump|-83.52 -4.19174 -201.6|0 136.08 0|2.1632 2.1632 2.1632|0
Grass|Grass Clump|-212.16 0.0658997 40.32|0 97.2 0|1.548 1.548 1.548|0
Grass|Grass Clump|59.52 0.315323 206.4|0 322.92 0|1.5576 1.5576 1.5576|0
Grass|Grass Clump|71.04 -1.65506 -205.44|0 277.56 0|1.94 1.94 1.94|0
Cube|Flower Clump|-206.8 -2.01022 136.84|0 124.2 0|1.1752 1.1752 1.1752|0
Cube|Flower Clump|94.16 -2.1529 -187|0 297.72 0|1.351 1.351 1.351|0
Cube|Flower Clump|109.12 -1.13577 -144.76|0 321.48 0|1.117 1.117 1.117|0
Cube|Flower Clump|115.72 0.777749 107.8|0 268.2 0|1.3882 1.3882 1.3882|0
Cube|Flower Clump|-51.48 -4.59698 -136.84|0 79.2 0|1.5442 1.5442 1.5442|0
Cube|Flower Clump|0.439987 -1.34514 142.12|0 120.96 0|1.0012 1.0012 1.0012|0
Cube|Flower Clump|116.16 -0.472247 159.28|0 352.44 0|1.3252 1.3252 1.3252|0
Cube|Flower Clump|-66 -5.02164 -154|0 39.6 0|1.489 1.489 1.489|0
Cube|Flower Clump|157.08 2.11265 23.76|0 293.76 0|1.306 1.306 1.306|0
Cube|Flower Clump|-55 -2.35011 136.84|0 321.12 0|1.0474 1.0474 1.0474|0
Cube|Flower Clump|-11.44 -1.86887 205.48|0 152.64 0|1.1866 1.1866 1.1866|0
Cube|Flower Clump|14.08 2.02058 46.2|0 302.04 0|1.0246 1.0246 1.0246|0
Cube|Flower Clump|81.84 3.33315 33.44|0 297.36 0|1.0816 1.0816 1.0816|0
Cube|Flower Clump|-139.48 -2.2958 51.92|0 225.36 0|1.1152 1.1152 1.1152|0
Cube|Flower Clump|-139.04 -2.56584 59.4|0 222.12 0|1.3342 1.3342 1.3342|0
Cube|Flower Clump|-189.64 -2.7418 168.08|0 234 0|1.303 1.303 1.303|0
Cube|Flower Clump|67.76 -2.01334 -133.76|0 218.16 0|1.096 1.096 1.096|0
Cube|Flower Clump|-181.72 -0.5919 44.88|0 11.88 0|1.5562 1.5562 1.5562|0
Cube|Flower Clump|-73.48 -5.14972 -157.08|0 113.76 0|1.0696 1.0696 1.0696|0
Cube|Flower Clump|52.36 -0.424988 154.44|0 33.12 0|1.0666 1.0666 1.0666|0
Cube|Flower Clump|-0.439987 -3.15941 -173.36|0 18.36 0|1.1446 1.1446 1.1446|0
Cube|Flower Clump|132 2.21769 -54.12|0 108.36 0|1.3384 1.3384 1.3384|0
Cube|Flower Clump|-194.04 -1.09226 79.64|0 295.56 0|1.597 1.597 1.597|0
Cube|Flower Clump|-129.8 -4.14225 -105.6|0 66.6 0|1.1602 1.1602 1.1602|0
Cube|Flower Clump|-147.4 -1.18876 15.84|0 133.56 0|1.021 1.021 1.021|0
Cube|Flower Clump|-53.68 -2.16797 213.84|0 61.2 0|1.4704 1.4704 1.4704|0
Cube|Flower Clump|-91.52 -2.67634 10.56|0 357.48 0|1.3816 1.3816 1.3816|0
Cube|Flower Clump|194.48 -1.58893 80.08|0 157.68 0|1.5034 1.5034 1.5034|0
Cube|Flower Clump|106.48 0.147229 139.92|0 16.56 0|1.081 1.081 1.081|0
Cube|Flower Clump|124.96 3.00407 -18.04|0 97.56 0|1.0936 1.0936 1.0936|0
Cube|Flower Clump|-51.48 -2.64663 -23.32|0 154.8 0|1.369 1.369 1.369|0
Cube|Flower Clump|-31.24 -1.34669 115.72|0 92.88 0|1.0504 1.0504 1.0504|0
Cube|Flower Clump|95.92 -1.60072 -213.84|0 106.56 0|1.5598 1.5598 1.5598|0
Cube|Flower Clump|-198.88 0.0976951 -22.88|0 241.92 0|1.462 1.462 1.462|0
Cube|Flower Clump|74.8 -1.75991 -203.28|0 172.44 0|1.5412 1.5412 1.5412|0
Cube|Flower Clump|53.24 2.64834 55.88|0 94.68 0|1.405 1.405 1.405|0
Cube|Flower Clump|183.92 -0.561828 -78.76|0 203.4 0|1.3456 1.3456 1.3456|0
Cube|Flower Clump|-189.2 0.591156 -212.96|0 213.48 0|1.3804 1.3804 1.3804|0
Cube|Flower Clump|30.8 1.20696 -37.84|0 317.88 0|1.1542 1.1542 1.1542|0
Cube|Flower Clump|50.6 -0.389269 174.24|0 226.08 0|1.0606 1.0606 1.0606|0
Cube|Flower Clump|216.48 -2.58033 -111.32|0 251.64 0|1.4422 1.4422 1.4422|0
Cube|Flower Clump|-145.64 -1.52357 33|0 43.56 0|1.0996 1.0996 1.0996|0
Cube|Flower Clump|77.44 1.45356 -77.44|0 34.2 0|1.4764 1.4764 1.4764|0
Cube|Flower Clump|-198 -2.0149 190.96|0 336.24 0|1.1362 1.1362 1.1362|0
Cube|Flower Clump|169.4 -3.9024 190.96|0 345.24 0|1.201 1.201 1.201|0
Cube|Flower Clump|27.72 2.76521 12.76|0 136.8 0|1.5364 1.5364 1.5364|0
Cube|Flower Clump|155.32 2.19568 18.04|0 246.96 0|1.0444 1.0444 1.0444|0
Cube|Flower Clump|178.2 -1.52786 97.68|0 181.8 0|1.0942 1.0942 1.0942|0
Cube|Flower Clump|-77 -4.4235 -106.04|0 70.92 0|1.2424 1.2424 1.2424|0
Cube|Flower Clump|123.64 1.67498 73.92|0 114.84 0|1.5682 1.5682 1.5682|0
Cube|Flower Clump|-175.12 -3.07932 173.36|0 22.68 0|1.5814 1.5814 1.5814|0
Cube|Flower Clump|-165.44 -2.15154 -141.68|0 179.64 0|1.0174 1.0174 1.0174|0
Cube|Flower Clump|185.24 0.465445 51.92|0 231.84 0|1.2934 1.2934 1.2934|0
Cube|Flower Clump|177.32 1.16153 -30.8|0 318.96 0|1.1332 1.1332 1.1332|0
Cube|Flower Clump|-167.2 -3.25705 172.92|0 255.6 0|1.4566 1.4566 1.4566|0
Cube|Flower Clump|-38.72 -3.49 -208.56|0 195.84 0|1.4296 1.4296 1.4296|0
Cube|Flower Clump|-176.44 -0.979389 -40.04|0 279 0|1.4032 1.4032 1.4032|0
Cube|Flower Clump|-165.88 -3.67155 143.44|0 184.32 0|1.2886 1.2886 1.2886|0
Cube|Flower Clump|56.32 -2.7299 -161.04|0 48.96 0|1.0972 1.0972 1.0972|0
Cube|Flower Clump|192.72 -0.773328 68.2|0 356.04 0|1.189 1.189 1.189|0
Cube|Flower Clump|-165.88 -2.31351 -129.8|0 312.12 0|1.2592 1.2592 1.2592|0
Cube|Flower Clump|16.72 0.683808 92.4|0 210.6 0|1.2232 1.2232 1.2232|0
Cube|Flower Clump|-187 -0.233783 -10.12|0 44.28 0|1.474 1.474 1.474|0
Cube|Flower Clump|8.36 -1.59505 184.36|0 138.6 0|1.0066 1.0066 1.0066|0
Cube|Flower Clump|69.96 -1.01841 -219.12|0 255.96 0|1.0312 1.0312 1.0312|0
Cube|Flower Clump|-214.72 0.680816 -146.52|0 143.28 0|1.2214 1.2214 1.2214|0
Cube|Flower Clump|141.68 -1.42397 146.52|0 240.12 0|1.3918 1.3918 1.3918|0
Cube|Flower Clump|56.76 0.468306 215.6|0 235.44 0|1.4248 1.4248 1.4248|0
Cube|Flower Clump|-11 -2.01453 190.96|0 5.04 0|1.381 1.381 1.381|0
Cube|Flower Clump|136.84 2.12264 -50.16|0 59.04 0|1.0144 1.0144 1.0144|0
Rock|Rock Cluster|-49.524 -3.29039 -63.374|0 0 0|0.8256 0.8256 0.8256|1
Rock|Rock Cluster|-45.33 -3.20838 -60.692|0 0 0|1.1316 1.1316 1.1316|1
Rock|Rock Cluster|-46.032 -3.25218 -62.606|0 0 0|0.8868 0.8868 0.8868|1
Rock|Rock Cluster|65.156 2.33236 -53.692|0 0 0|0.7308 0.7308 0.7308|1
Rock|Rock Cluster|67.226 2.62562 -49.66|0 0 0|0.9972 0.9972 0.9972|1
Rock|Rock Cluster|69.386 2.61363 -51.52|0 0 0|1.0212 1.0212 1.0212|1
Rock|Rock Cluster|64.892 2.42771 -51.682|0 0 0|1.1808 1.1808 1.1808|1
Rock|Rock Cluster|-46.364 -1.70424 56.686|0 0 0|0.6876 0.6876 0.6876|1
Rock|Rock Cluster|-45.578 -1.65438 57.286|0 0 0|0.7356 0.7356 0.7356|1
Rock|Rock Cluster|-48.164 -1.81824 54.79|0 0 0|1.1106 1.1106 1.1106|1
Rock|Rock Cluster|-47.528 -1.77993 54.79|0 0 0|0.7548 0.7548 0.7548|1
Rock|Rock Cluster|-67.822 -2.74856 36.936|0 0 0|0.951 0.951 0.951|1
Rock|Rock Cluster|-66.724 -2.71384 36.834|0 0 0|1.1106 1.1106 1.1106|1
Rock|Rock Cluster|-66.244 -2.70283 38.256|0 0 0|1.122 1.122 1.122|1
Rock|Rock Cluster|-55.522 -2.44526 1.464|0 0 0|0.6012 0.6012 0.6012|1
Rock|Rock Cluster|-54.7 -2.42242 1.596|0 0 0|0.9846 0.9846 0.9846|1
Rock|Rock Cluster|-53.002 -2.34881 4.494|0 0 0|0.618 0.618 0.618|1
Rock|Rock Cluster|-53.074 -2.35648 3.864|0 0 0|1.0488 1.0488 1.0488|1
Rock|Rock Cluster|-54.808 -2.42553 1.572|0 0 0|1.1502 1.1502 1.1502|1
Rock|Rock Cluster|18.08 1.3108 -17.684|0 0 0|1.1358 1.1358 1.1358|1
Rock|Rock Cluster|17.702 1.35169 -16.07|0 0 0|1.0392 1.0392 1.0392|1
Rock|Rock Cluster|20.594 1.49778 -17.486|0 0 0|0.7596 0.7596 0.7596|1
Rock|Rock Cluster|-32.79 -2.11968 -24.128|0 0 0|0.7938 0.7938 0.7938|1
Rock|Rock Cluster|-34.536 -2.25628 -27.026|0 0 0|0.9462 0.9462 0.9462|1
Rock|Rock Cluster|-35.322 -2.20863 -23.858|0 0 0|0.954 0.954 0.954|1
Rock|Rock Cluster|-33.864 -2.13332 -22.994|0 0 0|0.8928 0.8928 0.8928|1
Rock|Rock Cluster|-51.53 -2.0254 50.596|0 0 0|0.8622 0.8622 0.8622|1
Rock|Rock Cluster|-52.88 -2.10121 50.374|0 0 0|1.0362 1.0362 1.0362|1
Rock|Rock Cluster|-50.438 -1.95981 51.862|0 0 0|0.636 0.636 0.636|1
Rock|Rock Cluster|-49.91 -1.92344 54.124|0 0 0|0.7668 0.7668 0.7668|1
Rock|Rock Cluster|-53.264 -2.11833 52.414|0 0 0|1.092 1.092 1.092|1
Rock|Rock Cluster|-51.644 -2.03456 49.54|0 0 0|0.6078 0.6078 0.6078|1
Rock|Rock Cluster|-56.33 -2.35065 22.886|0 0 0|0.876 0.876 0.876|1
Rock|Rock Cluster|-55.508 -2.29857 27.902|0 0 0|0.87 0.87 0.87|1
Rock|Rock Cluster|-53.804 -2.24779 23.336|0 0 0|0.6984 0.6984 0.6984|1
Rock|Rock Cluster|-51.152 -2.10696 27.278|0 0 0|1.1928 1.1928 1.1928|1
Rock|Rock Cluster|-56.312 -2.34265 24.824|0 0 0|0.6012 0.6012 0.6012|1
Rock|Rock Cluster|-37.674 -1.20054 45.328|0 0 0|0.642 0.642 0.642|1
Rock|Rock Cluster|-36.018 -1.11536 41.926|0 0 0|0.6876 0.6876 0.6876|1
Rock|Rock Cluster|-37.734 -1.21931 43.096|0 0 0|0.705 0.705 0.705|1
Rock|Rock Cluster|-33.852 -0.958274 43.672|0 0 0|1.1592 1.1592 1.1592|1
Rock|Rock Cluster|-35.988 -1.07847 47.164|0 0 0|0.852 0.852 0.852|1
Rock|Rock Cluster|-34.596 -1.01944 42.13|0 0 0|0.8358 0.8358 0.8358|1
Rock|Rock Cluster|32.826 -0.294386 -66.414|0 0 0|0.8568 0.8568 0.8568|1
Rock|Rock Cluster|29.01 -0.661022 -68.562|0 0 0|1.1118 1.1118 1.1118|1
Rock|Rock Cluster|29.22 -0.689918 -69.288|0 0 0|0.645 0.645 0.645|1
Rock|Rock Cluster|27.426 -0.884733 -70.77|0 0 0|0.7836 0.7836 0.7836|1
Rock|Rock Cluster|27.774 -0.788827 -69.456|0 0 0|0.7056 0.7056 0.7056|1
Rock|Rock Cluster|27.6 -0.576775 -65.574|0 0 0|1.1352 1.1352 1.1352|1
Rock|Rock Cluster|-33.872 -2.11276 -22.138|0 0 0|1.047 1.047 1.047|1
Rock|Rock Cluster|-39.068 -2.39659 -26.71|0 0 0|0.7752 0.7752 0.7752|1
Rock|Rock Cluster|-39.008 -2.30693 -22.582|0 0 0|0.999 0.999 0.999|1
