0 -0.55 -10 0 0 0 120 0.1 120
-48 -0.35 -48 0 0 0 0.35 0.35 0.35
-48 -0.35 -40 0 0 0 0.35 0.35 0.35
-48 -0.35 -32 0 0 0 0.35 0.35 0.35
-48 -0.35 -24 0 0 0 0.35 0.35 0.35
-48 -0.35 -16 0 0 0 0.35 0.35 0.35
-48 -0.35 -8 0 0 0 0.35 0.35 0.35
-48 -0.35 0 0 0 0 0.35 0.35 0.35
-48 -0.35 8 0 0 0 0.35 0.35 0.35
-48 -0.35 16 0 0 0 0.35 0.35 0.35
-48 -0.35 24 0 0 0 0.35 0.35 0.35
-48 -0.35 32 0 0 0 0.35 0.35 0.35
-48 -0.35 40 0 0 0 0.35 0.35 0.35
-48 -0.35 48 0 0 0 0.35 0.35 0.35
-40 -0.35 -48 0 0 0 0.35 0.35 0.35
-40 -0.35 -40 0 0 0 0.35 0.35 0.35
-40 -0.35 -32 0 0 0 0.35 0.35 0.35
-40 -0.35 -24 0 0 0 0.35 0.35 0.35
-40 -0.35 -16 0 0 0 0.35 0.35 0.35
-40 -0.35 -8 0 0 0 0.35 0.35 0.35
-40 -0.35 0 0 0 0 0.35 0.35 0.35
-40 -0.35 8 0 0 0 0.35 0.35 0.35
-40 -0.35 16 0 0 0 0.35 0.35 0.35
-40 -0.35 24 0 0 0 0.35 0.35 0.35
-40 -0.35 32 0 0 0 0.35 0.35 0.35
-40 -0.35 40 0 0 0 0.35 0.35 0.35
-40 -0.35 48 0 0 0 0.35 0.35 0.35
-32 -0.35 -48 0 0 0 0.35 0.35 0.35
-32 -0.35 -40 0 0 0 0.35 0.35 0.35
-32 -0.35 -32 0 0 0 0.35 0.35 0.35
-32 -0.35 -24 0 0 0 0.35 0.35 0.35
-32 -0.35 -16 0 0 0 0.35 0.35 0.35
-32 -0.35 -8 0 0 0 0.35 0.35 0.35
-32 -0.35 0 0 0 0 0.35 0.35 0.35
-32 -0.35 8 0 0 0 0.35 0.35 0.35
-32 -0.35 16 0 0 0 0.35 0.35 0.35
-32 -0.35 24 0 0 0 0.35 0.35 0.35
-32 -0.35 32 0 0 0 0.35 0.35 0.35
-32 -0.35 40 0 0 0 0.35 0.35 0.35
-32 -0.35 48 0 0 0 0.35 0.35 0.35
-24 -0.35 -48 0 0 0 0.35 0.35 0.35
-24 -0.35 -40 0 0 0 0.35 0.35 0.35
-24 -0.35 -32 0 0 0 0.35 0.35 0.35
-24 -0.35 -24 0 0 0 0.35 0.35 0.35
-24 -0.35 -16 0 0 0 0.35 0.35 0.35
-24 -0.35 -8 0 0 0 0.35 0.35 0.35
-24 -0.35 0 0 0 0 0.35 0.35 0.35
-24 -0.35 8 0 0 0 0.35 0.35 0.35
-24 -0.35 16 0 0 0 0.35 0.35 0.35
-24 -0.35 24 0 0 0 0.35 0.35 0.35
-24 -0.35 32 0 0 0 0.35 0.35 0.35
-24 -0.35 40 0 0 0 0.35 0.35 0.35
-24 -0.35 48 0 0 0 0.35 0.35 0.35
-16 -0.35 -48 0 0 0 0.35 0.35 0.35
-16 -0.35 -40 0 0 0 0.35 0.35 0.35
-16 -0.35 -32 0 0 0 0.35 0.35 0.35
-16 -0.35 -24 0 0 0 0.35 0.35 0.35
-16 -0.35 -16 0 0 0 0.35 0.35 0.35
-16 -0.35 -8 0 0 0 0.35 0.35 0.35
-16 -0.35 0 0 0 0 0.35 0.35 0.35
-16 -0.35 8 0 0 0 0.35 0.35 0.35
-16 -0.35 16 0 0 0 0.35 0.35 0.35
-16 -0.35 24 0 0 0 0.35 0.35 0.35
-16 -0.35 32 0 0 0 0.35 0.35 0.35
-16 -0.35 40 0 0 0 0.35 0.35 0.35
-16 -0.35 48 0 0 0 0.35 0.35 0.35
-8 -0.35 -48 0 0 0 0.35 0.35 0.35
-8 -0.35 -40 0 0 0 0.35 0.35 0.35
-8 -0.35 -32 0 0 0 0.35 0.35 0.35
-8 -0.35 -24 0 0 0 0.35 0.35 0.35
-8 -0.35 -16 0 0 0 0.35 0.35 0.35
-8 -0.35 -8 0 0 0 0.35 0.35 0.35
-8 -0.35 0 0 0 0 0.35 0.35 0.35
-8 -0.35 8 0 0 0 0.35 0.35 0.35
-8 -0.35 16 0 0 0 0.35 0.35 0.35
-8 -0.35 24 0 0 0 0.35 0.35 0.35
-8 -0.35 32 0 0 0 0.35 0.35 0.35
-8 -0.35 40 0 0 0 0.35 0.35 0.35
-8 -0.35 48 0 0 0 0.35 0.35 0.35
0 -0.35 -48 0 0 0 0.35 0.35 0.35
0 -0.35 -40 0 0 0 0.35 0.35 0.35
0 -0.35 -32 0 0 0 0.35 0.35 0.35
0 -0.35 -24 0 0 0 0.35 0.35 0.35
0 -0.35 -16 0 0 0 0.35 0.35 0.35
0 -0.35 -8 0 0 0 0.35 0.35 0.35
0 -0.35 0 0 0 0 0.35 0.35 0.35
0 -0.35 8 0 0 0 0.35 0.35 0.35
0 -0.35 16 0 0 0 0.35 0.35 0.35
0 -0.35 24 0 0 0 0.35 0.35 0.35
0 -0.35 32 0 0 0 0.35 0.35 0.35
0 -0.35 40 0 0 0 0.35 0.35 0.35
0 -0.35 48 0 0 0 0.35 0.35 0.35
8 -0.35 -48 0 0 0 0.35 0.35 0.35
8 -0.35 -40 0 0 0 0.35 0.35 0.35
8 -0.35 -32 0 0 0 0.35 0.35 0.35
8 -0.35 -24 0 0 0 0.35 0.35 0.35
8 -0.35 -16 0 0 0 0.35 0.35 0.35
8 -0.35 -8 0 0 0 0.35 0.35 0.35
8 -0.35 0 0 0 0 0.35 0.35 0.35
8 -0.35 8 0 0 0 0.35 0.35 0.35
8 -0.35 16 0 0 0 0.35 0.35 0.35
8 -0.35 24 0 0 0 0.35 0.35 0.35
8 -0.35 32 0 0 0 0.35 0.35 0.35
8 -0.35 40 0 0 0 0.35 0.35 0.35
8 -0.35 48 0 0 0 0.35 0.35 0.35
16 -0.35 -48 0 0 0 0.35 0.35 0.35
16 -0.35 -40 0 0 0 0.35 0.35 0.35
16 -0.35 -32 0 0 0 0.35 0.35 0.35
16 -0.35 -24 0 0 0 0.35 0.35 0.35
16 -0.35 -16 0 0 0 0.35 0.35 0.35
16 -0.35 -8 0 0 0 0.35 0.35 0.35
16 -0.35 0 0 0 0 0.35 0.35 0.35
16 -0.35 8 0 0 0 0.35 0.35 0.35
16 -0.35 16 0 0 0 0.35 0.35 0.35
16 -0.35 24 0 0 0 0.35 0.35 0.35
16 -0.35 32 0 0 0 0.35 0.35 0.35
16 -0.35 40 0 0 0 0.35 0.35 0.35
16 -0.35 48 0 0 0 0.35 0.35 0.35
24 -0.35 -48 0 0 0 0.35 0.35 0.35
24 -0.35 -40 0 0 0 0.35 0.35 0.35
24 -0.35 -32 0 0 0 0.35 0.35 0.35
24 -0.35 -24 0 0 0 0.35 0.35 0.35
24 -0.35 -16 0 0 0 0.35 0.35 0.35
24 -0.35 -8 0 0 0 0.35 0.35 0.35
24 -0.35 0 0 0 0 0.35 0.35 0.35
24 -0.35 8 0 0 0 0.35 0.35 0.35
24 -0.35 16 0 0 0 0.35 0.35 0.35
24 -0.35 24 0 0 0 0.35 0.35 0.35
24 -0.35 32 0 0 0 0.35 0.35 0.35
24 -0.35 40 0 0 0 0.35 0.35 0.35
24 -0.35 48 0 0 0 0.35 0.35 0.35
32 -0.35 -48 0 0 0 0.35 0.35 0.35
32 -0.35 -40 0 0 0 0.35 0.35 0.35
32 -0.35 -32 0 0 0 0.35 0.35 0.35
32 -0.35 -24 0 0 0 0.35 0.35 0.35
32 -0.35 -16 0 0 0 0.35 0.35 0.35
32 -0.35 -8 0 0 0 0.35 0.35 0.35
32 -0.35 0 0 0 0 0.35 0.35 0.35
32 -0.35 8 0 0 0 0.35 0.35 0.35
32 -0.35 16 0 0 0 0.35 0.35 0.35
32 -0.35 24 0 0 0 0.35 0.35 0.35
32 -0.35 32 0 0 0 0.35 0.35 0.35
32 -0.35 40 0 0 0 0.35 0.35 0.35
32 -0.35 48 0 0 0 0.35 0.35 0.35
40 -0.35 -48 0 0 0 0.35 0.35 0.35
40 -0.35 -40 0 0 0 0.35 0.35 0.35
40 -0.35 -32 0 0 0 0.35 0.35 0.35
40 -0.35 -24 0 0 0 0.35 0.35 0.35
40 -0.35 -16 0 0 0 0.35 0.35 0.35
40 -0.35 -8 0 0 0 0.35 0.35 0.35
40 -0.35 0 0 0 0 0.35 0.35 0.35
40 -0.35 8 0 0 0 0.35 0.35 0.35
40 -0.35 16 0 0 0 0.35 0.35 0.35
40 -0.35 24 0 0 0 0.35 0.35 0.35
40 -0.35 32 0 0 0 0.35 0.35 0.35
40 -0.35 40 0 0 0 0.35 0.35 0.35
40 -0.35 48 0 0 0 0.35 0.35 0.35
48 -0.35 -48 0 0 0 0.35 0.35 0.35
48 -0.35 -40 0 0 0 0.35 0.35 0.35
48 -0.35 -32 0 0 0 0.35 0.35 0.35
48 -0.35 -24 0 0 0 0.35 0.35 0.35
48 -0.35 -16 0 0 0 0.35 0.35 0.35
48 -0.35 -8 0 0 0 0.35 0.35 0.35
48 -0.35 0 0 0 0 0.35 0.35 0.35
48 -0.35 8 0 0 0 0.35 0.35 0.35
48 -0.35 16 0 0 0 0.35 0.35 0.35
48 -0.35 24 0 0 0 0.35 0.35 0.35
48 -0.35 32 0 0 0 0.35 0.35 0.35
48 -0.35 40 0 0 0 0.35 0.35 0.35
48 -0.35 48 0 0 0 0.35 0.35 0.35
-8 0.05 -12 0 0 0 0.35 0.35 0.35
7 0 -14 0 0 0 1 1 1
-12 0 -4 0 0 0 0.9 0.9 0.9
10 0 -6 0 0 0 1.1 1.1 1.1
-4 0 -8 0 0 0 1 1 1
5 0 -10 0 0 0 0.7 0.7 0.7
-2 0 -5 0 0 0 0.8 0.8 0.8
3 0 -7 0 0 0 0.9 0.9 0.9
0 0 -6 0 0 0 1 1 1
6 0 -3 0 0 0 1.2 1.2 1.2
-6 0 -6 0 0 0 1 1 1
-2.93268 0 -6.03228 0 -144.654 0 0.6 0.6 0.6
0 0 -10 0 0 0 1 1 1
0 0 -6 0 0 0 0.1 0.1 0.1
